[
    {
        "main/loss": 16.491933822631836,
        "main/loss/loc": 2.5942728519439697,
        "main/loss/conf": 13.897664070129395,
        "lr": 0.0001,
        "epoch": 1,
        "iteration": 49,
        "elapsed_time": 121.27970250000001
    }
]