[
    {
        "main/loss": 2.4799270629882812,
        "main/accuracy": 0.15855823457241058,
        "lr": 0.1,
        "val/main/loss": 2.103914737701416,
        "val/main/accuracy": 0.20546874403953552,
        "epoch": 1,
        "iteration": 352,
        "elapsed_time": 86.0651684
    },
    {
        "main/loss": 1.9118163585662842,
        "main/accuracy": 0.2800736725330353,
        "lr": 0.1,
        "val/main/loss": 1.7289085388183594,
        "val/main/accuracy": 0.3330078125,
        "epoch": 2,
        "iteration": 704,
        "elapsed_time": 110.1165964
    }
]